{
 "cells": [
  {
   "cell_type": "code",
   "execution_count": 88,
   "metadata": {},
   "outputs": [],
   "source": [
    "import warnings\n",
    "warnings.filterwarnings(\"ignore\")"
   ]
  },
  {
   "cell_type": "code",
   "execution_count": 160,
   "metadata": {},
   "outputs": [],
   "source": [
    "def eig_charpoly(A):\n",
    "    E = []\n",
    "    pols = []\n",
    "    eps = 1e-4\n",
    "    n = A.dimensions()[0]\n",
    "\n",
    "    p = A.charpoly()\n",
    "\n",
    "    for a in range(n):\n",
    "        A_a = A.delete_rows([a]).delete_columns([a])\n",
    "        G_a = Graph(A_a)\n",
    "        pa = A_a.charpoly()\n",
    "        pols.append(pa)\n",
    "\n",
    "    eigv = []\n",
    "    for eig in A.eigenvalues():\n",
    "        if(len(eigv)==0 or eig != eigv[-1]): eigv.append(float(eig))\n",
    "    eigv.sort()\n",
    "            \n",
    "    for a in range(n):        \n",
    "        for r in range(len(eigv)):\n",
    "            eig = eigv[r]\n",
    "\n",
    "            # Diagonal\n",
    "            if(len(E) <= r):\n",
    "                E.append(Matrix(RR, n))\n",
    "\n",
    "            np = pols[a]*(x-eig)/p\n",
    "            E[r][a, a] = np(eig+eps)\n",
    "            if(abs(E[r][a, a]) < eps): E[r][a, a] = 0\n",
    "            # outras entradas\n",
    "            for b in range(a+1, n):\n",
    "                A_ab = A.delete_rows([a, b]).delete_columns([a, b])\n",
    "                pab = A_ab.charpoly()\n",
    "\n",
    "                np = sqrt(pols[a]*pols[b] - pab*p) *(x-eig) / p\n",
    "\n",
    "                E[r][a, b] = E[r][b, a] = np(eig+eps)\n",
    "                if(abs(E[r][a, b]) < eps): E[r][a, b] = E[r][b, a] = 0\n",
    "    return E"
   ]
  },
  {
   "cell_type": "code",
   "execution_count": 171,
   "metadata": {},
   "outputs": [],
   "source": [
    "def eig_matching(A):\n",
    "    E = []\n",
    "    pols = []\n",
    "    eps = 1e-6\n",
    "    n = A.dimensions()[0]\n",
    "\n",
    "    p = Graph(A).matching_polynomial()\n",
    "\n",
    "    for a in range(n):\n",
    "        A_a = A.delete_rows([a]).delete_columns([a])\n",
    "        pa = Graph(A_a).matching_polynomial()\n",
    "        pols.append(pa)\n",
    "\n",
    "    eigv = p.real_roots()\n",
    "    for a in range(n):        \n",
    "        for r in range(len(eigv)):\n",
    "            eig = eigv[r]\n",
    "\n",
    "            # Diagonal\n",
    "            if(len(E) <= r):\n",
    "                E.append(Matrix(RR, n))\n",
    "\n",
    "            np = pols[a]*(x-eig)/p\n",
    "            E[r][a, a] = np(eig+eps)\n",
    "            if(abs(E[r][a, a]) < eps): E[r][a, a] = 0\n",
    "\n",
    "            # outras entradas\n",
    "            for b in range(a+1, n):\n",
    "                A_ab = A.delete_rows([a, b]).delete_columns([a, b])\n",
    "                pab = Graph(A_ab).matching_polynomial()\n",
    "\n",
    "                np = sqrt(pols[a]*pols[b] - pab*p) *(x-eig) / p\n",
    "\n",
    "                E[r][a, b] = E[r][b, a] = np(eig+eps)\n",
    "                if(abs(E[r][a, b]) < eps): E[r][a, b] = E[r][b, a] = 0\n",
    "    return E"
   ]
  },
  {
   "cell_type": "markdown",
   "metadata": {},
   "source": [
    "## Running at trees"
   ]
  },
  {
   "cell_type": "code",
   "execution_count": 124,
   "metadata": {},
   "outputs": [],
   "source": [
    "from sage.graphs.trees import TreeIterator"
   ]
  },
  {
   "cell_type": "code",
   "execution_count": 332,
   "metadata": {},
   "outputs": [
    {
     "name": "stdout",
     "output_type": "stream",
     "text": [
      "Trying graphs with 2 vertices\n",
      "[-1.00000000000000, 1.00000000000000]\n",
      "1 DIFF\n",
      "[ 0.50 -0.50]\n",
      "[-0.50  0.50]\n",
      "\n",
      "[ 0.50 -0.50]\n",
      "[-0.50  0.50]\n",
      "\n",
      "Trying graphs with 3 vertices\n",
      "[-1.41421356237310, 0.000000000000000, 1.41421356237310]\n",
      "1 DIFF\n",
      "[ 0.50 -0.35 -0.35]\n",
      "[-0.35  0.25  0.25]\n",
      "[-0.35  0.25  0.25]\n",
      "\n",
      "[ 0.50 -0.35 -0.35]\n",
      "[-0.35  0.25  0.25]\n",
      "[-0.35  0.25  0.25]\n",
      "\n",
      "Trying graphs with 4 vertices\n",
      "[-1.61803398874989, -0.618033988749895, 0.618033988749895, 1.61803398874989]\n",
      "1 DIFF\n",
      "[ 0.36 -0.36  0.22 -0.22]\n",
      "[-0.36  0.36 -0.22  0.22]\n",
      "[ 0.22 -0.22  0.14 -0.14]\n",
      "[-0.22  0.22 -0.14  0.14]\n",
      "\n",
      "[ 0.36 -0.36  0.22 -0.22]\n",
      "[-0.36  0.36 -0.22  0.22]\n",
      "[ 0.22 -0.22  0.14 -0.14]\n",
      "[-0.22  0.22 -0.14  0.14]\n",
      "\n",
      "[-1.73205080756888, 0.000000000000000, 1.73205080756888]\n",
      "2 DIFF\n",
      "[ 0.50 -0.29 -0.29 -0.29]\n",
      "[-0.29  0.17  0.17  0.17]\n",
      "[-0.29  0.17  0.17  0.17]\n",
      "[-0.29  0.17  0.17  0.17]\n",
      "\n",
      "[ 0.50 -0.29 -0.29 -0.29]\n",
      "[-0.29  0.17  0.17  0.17]\n",
      "[-0.29  0.17  0.17  0.17]\n",
      "[-0.29  0.17  0.17  0.17]\n",
      "\n",
      "Trying graphs with 5 vertices\n",
      "[-1.73205080756888, -1.00000000000000, 0.000000000000000, 1.00000000000000, 1.73205080756888]\n",
      "1 DIFF\n",
      "[ 0.33 -0.29  0.17 -0.29  0.17]\n",
      "[-0.29  0.25 -0.14  0.25 -0.14]\n",
      "[ 0.17 -0.14 0.083 -0.14 0.083]\n",
      "[-0.29  0.25 -0.14  0.25 -0.14]\n",
      "[ 0.17 -0.14 0.083 -0.14 0.083]\n",
      "\n",
      "[ 0.33 -0.29  0.17 -0.29  0.17]\n",
      "[-0.29  0.25 -0.14  0.25 -0.14]\n",
      "[ 0.17 -0.14 0.083 -0.14 0.083]\n",
      "[-0.29  0.25 -0.14  0.25 -0.14]\n",
      "[ 0.17 -0.14 0.083 -0.14 0.083]\n",
      "\n",
      "[-1.84775906502257, -0.765366864730180, 0.000000000000000, 0.765366864730180, 1.84775906502257]\n",
      "2 DIFF\n",
      "[  0.43  -0.33   0.18  -0.23  -0.23]\n",
      "[ -0.33   0.25  -0.14   0.18   0.18]\n",
      "[  0.18  -0.14  0.073 -0.096 -0.096]\n",
      "[ -0.23   0.18 -0.096   0.12   0.12]\n",
      "[ -0.23   0.18 -0.096   0.12   0.12]\n",
      "\n",
      "[  0.43  -0.33   0.18  -0.23  -0.23]\n",
      "[ -0.33   0.25  -0.14   0.18   0.18]\n",
      "[  0.18  -0.14  0.073 -0.096 -0.096]\n",
      "[ -0.23   0.18 -0.096   0.12   0.12]\n",
      "[ -0.23   0.18 -0.096   0.12   0.12]\n",
      "\n",
      "[-2.00000000000000, 0.000000000000000, 2.00000000000000]\n",
      "3 DIFF\n",
      "[ 0.50 -0.25 -0.25 -0.25 -0.25]\n",
      "[-0.25  0.12  0.12  0.12  0.12]\n",
      "[-0.25  0.12  0.12  0.12  0.12]\n",
      "[-0.25  0.12  0.12  0.12  0.12]\n",
      "[-0.25  0.12  0.12  0.12  0.12]\n",
      "\n",
      "[ 0.50 -0.25 -0.25 -0.25 -0.25]\n",
      "[-0.25  0.12  0.12  0.12  0.12]\n",
      "[-0.25  0.12  0.12  0.12  0.12]\n",
      "[-0.25  0.12  0.12  0.12  0.12]\n",
      "[-0.25  0.12  0.12  0.12  0.12]\n",
      "\n",
      "Trying graphs with 6 vertices\n",
      "[-1.80193773580484, -1.24697960371747, -0.445041867912629, 0.445041867912629, 1.24697960371747, 1.80193773580484]\n",
      "1 DIFF\n",
      "[  0.27  -0.27   0.22  -0.12  -0.22   0.12]\n",
      "[ -0.27   0.27  -0.22   0.12   0.22  -0.12]\n",
      "[  0.22  -0.22   0.17 -0.097  -0.17  0.097]\n",
      "[ -0.12   0.12 -0.097  0.054  0.097 -0.054]\n",
      "[ -0.22   0.22  -0.17  0.097   0.17 -0.097]\n",
      "[  0.12  -0.12  0.097 -0.054 -0.097  0.054]\n",
      "\n",
      "[  0.27  -0.27   0.22  -0.12  -0.22   0.12]\n",
      "[ -0.27   0.27  -0.22   0.12   0.22  -0.12]\n",
      "[  0.22  -0.22   0.17 -0.097  -0.17  0.097]\n",
      "[ -0.12   0.12 -0.097  0.054  0.097 -0.054]\n",
      "[ -0.22   0.22  -0.17  0.097   0.17 -0.097]\n",
      "[  0.12  -0.12  0.097 -0.054 -0.097  0.054]\n",
      "\n",
      "[-1.90211303259031, -1.17557050458495, 0.000000000000000, 1.17557050458495, 1.90211303259031]\n",
      "2 DIFF\n",
      "[  0.26  -0.31   0.16   0.16  -0.19   0.10]\n",
      "[ -0.31   0.36  -0.19  -0.19   0.22  -0.12]\n",
      "[  0.16  -0.19   0.10   0.10  -0.12  0.062]\n",
      "[  0.16  -0.19   0.10   0.10  -0.12  0.062]\n",
      "[ -0.19   0.22  -0.12  -0.12   0.14 -0.073]\n",
      "[  0.10  -0.12  0.062  0.062 -0.073  0.038]\n",
      "\n",
      "[  0.26  -0.31   0.16   0.16  -0.19   0.10]\n",
      "[ -0.31   0.36  -0.19  -0.19   0.22  -0.12]\n",
      "[  0.16  -0.19   0.10   0.10  -0.12  0.062]\n",
      "[  0.16  -0.19   0.10   0.10  -0.12  0.062]\n",
      "[ -0.19   0.22  -0.12  -0.12   0.14 -0.073]\n",
      "[  0.10  -0.12  0.062  0.062 -0.073  0.038]\n",
      "\n",
      "[-2.00000000000000, -1.00000000000000, 0.000000000000000, 1.00000000000000, 2.00000000000000]\n",
      "3 DIFF\n",
      "[  0.33  -0.33   0.17   0.17  -0.17  -0.17]\n",
      "[ -0.33   0.33  -0.17  -0.17   0.17   0.17]\n",
      "[  0.17  -0.17  0.083  0.083 -0.083 -0.083]\n",
      "[  0.17  -0.17  0.083  0.083 -0.083 -0.083]\n",
      "[ -0.17   0.17 -0.083 -0.083  0.083  0.083]\n",
      "[ -0.17   0.17 -0.083 -0.083  0.083  0.083]\n",
      "\n",
      "[  0.33  -0.33   0.17   0.17  -0.17  -0.17]\n",
      "[ -0.33   0.33  -0.17  -0.17   0.17   0.17]\n",
      "[  0.17  -0.17  0.083  0.083 -0.083 -0.083]\n",
      "[  0.17  -0.17  0.083  0.083 -0.083 -0.083]\n",
      "[ -0.17   0.17 -0.083 -0.083  0.083  0.083]\n",
      "[ -0.17   0.17 -0.083 -0.083  0.083  0.083]\n",
      "\n",
      "[-1.93185165257814, -1.00000000000000, -0.517638090205041, 0.517638090205041, 1.00000000000000, 1.93185165257814]\n",
      "4 DIFF\n",
      "[  0.39  -0.28   0.14  -0.28   0.14  -0.20]\n",
      "[ -0.28   0.20  -0.10   0.20  -0.10   0.14]\n",
      "[  0.14  -0.10  0.053  -0.10  0.053 -0.075]\n",
      "[ -0.28   0.20  -0.10   0.20  -0.10   0.14]\n",
      "[  0.14  -0.10  0.053  -0.10  0.053 -0.075]\n",
      "[ -0.20   0.14 -0.075   0.14 -0.075   0.11]\n",
      "\n",
      "[  0.39  -0.28   0.14  -0.28   0.14  -0.20]\n",
      "[ -0.28   0.20  -0.10   0.20  -0.10   0.14]\n",
      "[  0.14  -0.10  0.053  -0.10  0.053 -0.075]\n",
      "[ -0.28   0.20  -0.10   0.20  -0.10   0.14]\n",
      "[  0.14  -0.10  0.053  -0.10  0.053 -0.075]\n",
      "[ -0.20   0.14 -0.075   0.14 -0.075   0.11]\n",
      "\n",
      "[-2.07431329305194, -0.834999618124467, 0.000000000000000, 0.834999618124467, 2.07431329305194]\n",
      "5 DIFF\n",
      "[  0.46  -0.29   0.14  -0.22  -0.22  -0.22]\n",
      "[ -0.29   0.18 -0.087   0.14   0.14   0.14]\n",
      "[  0.14 -0.087  0.042 -0.067 -0.067 -0.067]\n",
      "[ -0.22   0.14 -0.067   0.11   0.11   0.11]\n",
      "[ -0.22   0.14 -0.067   0.11   0.11   0.11]\n",
      "[ -0.22   0.14 -0.067   0.11   0.11   0.11]\n",
      "\n",
      "[  0.46  -0.29   0.14  -0.22  -0.22  -0.22]\n",
      "[ -0.29   0.18 -0.087   0.14   0.14   0.14]\n",
      "[  0.14 -0.087  0.042 -0.067 -0.067 -0.067]\n",
      "[ -0.22   0.14 -0.067   0.11   0.11   0.11]\n",
      "[ -0.22   0.14 -0.067   0.11   0.11   0.11]\n",
      "[ -0.22   0.14 -0.067   0.11   0.11   0.11]\n",
      "\n",
      "[-2.23606797749979, 0.000000000000000, 2.23606797749979]\n",
      "6 DIFF\n",
      "[ 0.50 -0.22 -0.22 -0.22 -0.22 -0.22]\n",
      "[-0.22  0.10  0.10  0.10  0.10  0.10]\n",
      "[-0.22  0.10  0.10  0.10  0.10  0.10]\n",
      "[-0.22  0.10  0.10  0.10  0.10  0.10]\n",
      "[-0.22  0.10  0.10  0.10  0.10  0.10]\n",
      "[-0.22  0.10  0.10  0.10  0.10  0.10]\n",
      "\n",
      "[ 0.50 -0.22 -0.22 -0.22 -0.22 -0.22]\n",
      "[-0.22  0.10  0.10  0.10  0.10  0.10]\n",
      "[-0.22  0.10  0.10  0.10  0.10  0.10]\n",
      "[-0.22  0.10  0.10  0.10  0.10  0.10]\n",
      "[-0.22  0.10  0.10  0.10  0.10  0.10]\n",
      "[-0.22  0.10  0.10  0.10  0.10  0.10]\n",
      "\n"
     ]
    }
   ],
   "source": [
    "n = 2\n",
    "r = 5\n",
    "for i in range(n, n+r):\n",
    "    print(f\"Trying graphs with {i} vertices\")\n",
    "    cnt = 0\n",
    "    for t in TreeIterator(i):\n",
    "        cnt+=1\n",
    "        A = t.adjacency_matrix()\n",
    "        E1 = eig_charpoly(A)\n",
    "        E2 = eig_matching(A)\n",
    "\n",
    "        for i in range(len(E1)):\n",
    "            if(E1[i]!=E2[i]):\n",
    "                print(Graph(A).matching_polynomial().real_roots())\n",
    "                print(cnt, \"DIFF\")\n",
    "                print(N(E1[i], digits=2))\n",
    "                print()\n",
    "                print(N(E2[i], digits=2))\n",
    "                print()\n",
    "                break;"
   ]
  },
  {
   "cell_type": "markdown",
   "metadata": {},
   "source": [
    "## Tring at graphs that the matching polynomial is different from the characteristic polynomial"
   ]
  },
  {
   "cell_type": "markdown",
   "metadata": {},
   "source": [
    "## Cycles"
   ]
  },
  {
   "cell_type": "code",
   "execution_count": 328,
   "metadata": {},
   "outputs": [],
   "source": [
    "def plot_idempotents(G):\n",
    "    A = G.adjacency_matrix()\n",
    "    print(\"Idempotents relative to characteristic polynomial\")\n",
    "    for e in eig_charpoly(A):\n",
    "        print(N(e, digits=2))\n",
    "        print()\n",
    "    print()\n",
    "    \n",
    "    B = matrix(RR, A.dimensions()[0])\n",
    "    C = matrix(RR, A.dimensions()[0])\n",
    "    \n",
    "    E = eig_matching(A)\n",
    "    eigv = G.matching_polynomial().real_roots()\n",
    "    \n",
    "    print(\"Idempotents relative to matching polynomial\")\n",
    "    for i in range(len(E)):\n",
    "        e = E[i]\n",
    "        print(N(e, digits=2))\n",
    "        print()\n",
    "        B += e\n",
    "        C += eigv[i]*e\n",
    "    print()\n",
    "    \n",
    "    print(\"Multiple\")\n",
    "    for i in range(1, len(E)):\n",
    "        e = E[i]\n",
    "        print(N(E[0]*e, digits=2))\n",
    "        print()\n",
    "    print()\n",
    "    \n",
    "    print(\"Idempotents squared\")\n",
    "    for i in range(len(E)):\n",
    "        e = E[i]\n",
    "        print(N(e*e, digits=2))\n",
    "        print()\n",
    "    print()\n",
    "    \n",
    "    \n",
    "    print(\"Sum of the idempotents:\")\n",
    "    print(N(B, digits=2))\n",
    "    print()\n",
    "    \n",
    "    \n",
    "    print(\"Roots of:\", G.matching_polynomial())\n",
    "    print(eigv)\n",
    "    print()\n",
    "    print(\"Sum of the idempotents times the roots:\")\n",
    "    print(N(C, digits=2))\n",
    "    print()\n"
   ]
  },
  {
   "cell_type": "markdown",
   "metadata": {},
   "source": [
    "### C_3"
   ]
  },
  {
   "cell_type": "code",
   "execution_count": 329,
   "metadata": {},
   "outputs": [
    {
     "name": "stdout",
     "output_type": "stream",
     "text": [
      "Idempotents relative to characteristic polynomial\n",
      "[ 0.67 -0.33 -0.33]\n",
      "[-0.33  0.67 -0.33]\n",
      "[-0.33 -0.33  0.67]\n",
      "\n",
      "[0.33 0.33 0.33]\n",
      "[0.33 0.33 0.33]\n",
      "[0.33 0.33 0.33]\n",
      "\n",
      "\n",
      "Idempotents relative to matching polynomial\n",
      "[0.33 0.33 0.33]\n",
      "[0.33 0.33 0.33]\n",
      "[0.33 0.33 0.33]\n",
      "\n",
      "[ 0.33 -0.33 -0.33]\n",
      "[-0.33  0.33 -0.33]\n",
      "[-0.33 -0.33  0.33]\n",
      "\n",
      "[0.33 0.33 0.33]\n",
      "[0.33 0.33 0.33]\n",
      "[0.33 0.33 0.33]\n",
      "\n",
      "\n",
      "Multiple\n",
      "[-0.11 -0.11 -0.11]\n",
      "[-0.11 -0.11 -0.11]\n",
      "[-0.11 -0.11 -0.11]\n",
      "\n",
      "[0.33 0.33 0.33]\n",
      "[0.33 0.33 0.33]\n",
      "[0.33 0.33 0.33]\n",
      "\n",
      "\n",
      "Idempotents squared\n",
      "[0.33 0.33 0.33]\n",
      "[0.33 0.33 0.33]\n",
      "[0.33 0.33 0.33]\n",
      "\n",
      "[ 0.33 -0.11 -0.11]\n",
      "[-0.11  0.33 -0.11]\n",
      "[-0.11 -0.11  0.33]\n",
      "\n",
      "[0.33 0.33 0.33]\n",
      "[0.33 0.33 0.33]\n",
      "[0.33 0.33 0.33]\n",
      "\n",
      "\n",
      "Sum of the idempotents:\n",
      "[ 1.0 0.33 0.33]\n",
      "[0.33  1.0 0.33]\n",
      "[0.33 0.33  1.0]\n",
      "\n",
      "Roots of: x^3 - 3*x\n",
      "[-1.73205080756888, 0.000000000000000, 1.73205080756888]\n",
      "\n",
      "Sum of the idempotents times the roots:\n",
      "[ 1.0e-6 -5.0e-7 -5.0e-7]\n",
      "[-5.0e-7  1.0e-6 -5.0e-7]\n",
      "[-5.0e-7 -5.0e-7  1.0e-6]\n",
      "\n"
     ]
    }
   ],
   "source": [
    "c3 = {0:[1], 1:[2], 2:[0]}\n",
    "plot_idempotents(Graph(c3))"
   ]
  },
  {
   "cell_type": "markdown",
   "metadata": {},
   "source": [
    "### C_4"
   ]
  },
  {
   "cell_type": "code",
   "execution_count": 330,
   "metadata": {},
   "outputs": [
    {
     "name": "stdout",
     "output_type": "stream",
     "text": [
      "Idempotents relative to characteristic polynomial\n",
      "[ 0.25 -0.25  0.25 -0.25]\n",
      "[-0.25  0.25 -0.25  0.25]\n",
      "[ 0.25 -0.25  0.25 -0.25]\n",
      "[-0.25  0.25 -0.25  0.25]\n",
      "\n",
      "[ 0.50  0.00 -0.50  0.00]\n",
      "[ 0.00  0.50  0.00 -0.50]\n",
      "[-0.50  0.00  0.50  0.00]\n",
      "[ 0.00 -0.50  0.00  0.50]\n",
      "\n",
      "[0.25 0.25 0.25 0.25]\n",
      "[0.25 0.25 0.25 0.25]\n",
      "[0.25 0.25 0.25 0.25]\n",
      "[0.25 0.25 0.25 0.25]\n",
      "\n",
      "\n",
      "Idempotents relative to matching polynomial\n",
      "[ 0.25 -0.25 -0.25 -0.25]\n",
      "[-0.25  0.25 -0.25 -0.25]\n",
      "[-0.25 -0.25  0.25 -0.25]\n",
      "[-0.25 -0.25 -0.25  0.25]\n",
      "\n",
      "[0.25 0.25 0.25 0.25]\n",
      "[0.25 0.25 0.25 0.25]\n",
      "[0.25 0.25 0.25 0.25]\n",
      "[0.25 0.25 0.25 0.25]\n",
      "\n",
      "[ 0.25 -0.25 -0.25 -0.25]\n",
      "[-0.25  0.25 -0.25 -0.25]\n",
      "[-0.25 -0.25  0.25 -0.25]\n",
      "[-0.25 -0.25 -0.25  0.25]\n",
      "\n",
      "[0.25 0.25 0.25 0.25]\n",
      "[0.25 0.25 0.25 0.25]\n",
      "[0.25 0.25 0.25 0.25]\n",
      "[0.25 0.25 0.25 0.25]\n",
      "\n",
      "\n",
      "Multiple\n",
      "[-0.12 -0.12 -0.12 -0.12]\n",
      "[-0.12 -0.12 -0.12 -0.12]\n",
      "[-0.12 -0.12 -0.12 -0.12]\n",
      "[-0.12 -0.12 -0.12 -0.12]\n",
      "\n",
      "[   0.25  2.3e-7 -9.6e-8  2.3e-7]\n",
      "[ 2.3e-7    0.25  2.3e-7 -9.6e-8]\n",
      "[-9.6e-8  2.3e-7    0.25  2.3e-7]\n",
      "[ 2.3e-7 -9.6e-8  2.3e-7    0.25]\n",
      "\n",
      "[-0.12 -0.12 -0.12 -0.12]\n",
      "[-0.12 -0.12 -0.12 -0.12]\n",
      "[-0.12 -0.12 -0.12 -0.12]\n",
      "[-0.12 -0.12 -0.12 -0.12]\n",
      "\n",
      "\n",
      "Idempotents squared\n",
      "[  0.25 3.3e-7 1.4e-7 3.3e-7]\n",
      "[3.3e-7   0.25 3.3e-7 1.4e-7]\n",
      "[1.4e-7 3.3e-7   0.25 3.3e-7]\n",
      "[3.3e-7 1.4e-7 3.3e-7   0.25]\n",
      "\n",
      "[0.25 0.25 0.25 0.25]\n",
      "[0.25 0.25 0.25 0.25]\n",
      "[0.25 0.25 0.25 0.25]\n",
      "[0.25 0.25 0.25 0.25]\n",
      "\n",
      "[   0.25  1.4e-7 -3.3e-7  1.4e-7]\n",
      "[ 1.4e-7    0.25  1.4e-7 -3.3e-7]\n",
      "[-3.3e-7  1.4e-7    0.25  1.4e-7]\n",
      "[ 1.4e-7 -3.3e-7  1.4e-7    0.25]\n",
      "\n",
      "[0.25 0.25 0.25 0.25]\n",
      "[0.25 0.25 0.25 0.25]\n",
      "[0.25 0.25 0.25 0.25]\n",
      "[0.25 0.25 0.25 0.25]\n",
      "\n",
      "\n",
      "Sum of the idempotents:\n",
      "[    1.0  1.9e-7 -1.1e-6  1.9e-7]\n",
      "[ 1.9e-7     1.0  1.9e-7 -1.1e-6]\n",
      "[-1.1e-6  1.9e-7     1.0  1.9e-7]\n",
      "[ 1.9e-7 -1.1e-6  1.9e-7     1.0]\n",
      "\n",
      "Roots of: x^4 - 4*x^2 + 2\n",
      "[-1.84775906502257, -0.765366864730180, 0.765366864730180, 1.84775906502257]\n",
      "\n",
      "Sum of the idempotents times the roots:\n",
      "[1.5e-6   0.54   0.54   0.54]\n",
      "[  0.54 1.5e-6   0.54   0.54]\n",
      "[  0.54   0.54 1.5e-6   0.54]\n",
      "[  0.54   0.54   0.54 1.5e-6]\n",
      "\n"
     ]
    }
   ],
   "source": [
    "c4 = {0:[1], 1:[2], 2:[3], 3:[0]}\n",
    "plot_idempotents(Graph(c4))"
   ]
  },
  {
   "cell_type": "markdown",
   "metadata": {},
   "source": [
    "### C_5"
   ]
  },
  {
   "cell_type": "code",
   "execution_count": 331,
   "metadata": {},
   "outputs": [
    {
     "name": "stdout",
     "output_type": "stream",
     "text": [
      "Idempotents relative to characteristic polynomial\n",
      "[ 0.40 -0.32  0.12  0.12 -0.32]\n",
      "[-0.32  0.40 -0.32  0.12  0.12]\n",
      "[ 0.12 -0.32  0.40 -0.32  0.12]\n",
      "[ 0.12  0.12 -0.32  0.40 -0.32]\n",
      "[-0.32  0.12  0.12 -0.32  0.40]\n",
      "\n",
      "[ 0.40  0.12 -0.32 -0.32  0.12]\n",
      "[ 0.12  0.40  0.12 -0.32 -0.32]\n",
      "[-0.32  0.12  0.40  0.12 -0.32]\n",
      "[-0.32 -0.32  0.12  0.40  0.12]\n",
      "[ 0.12 -0.32 -0.32  0.12  0.40]\n",
      "\n",
      "[0.20 0.20 0.20 0.20 0.20]\n",
      "[0.20 0.20 0.20 0.20 0.20]\n",
      "[0.20 0.20 0.20 0.20 0.20]\n",
      "[0.20 0.20 0.20 0.20 0.20]\n",
      "[0.20 0.20 0.20 0.20 0.20]\n",
      "\n",
      "\n",
      "Idempotents relative to matching polynomial\n",
      "[0.20 0.20 0.20 0.20 0.20]\n",
      "[0.20 0.20 0.20 0.20 0.20]\n",
      "[0.20 0.20 0.20 0.20 0.20]\n",
      "[0.20 0.20 0.20 0.20 0.20]\n",
      "[0.20 0.20 0.20 0.20 0.20]\n",
      "\n",
      "[ 0.20 -0.20 -0.20 -0.20 -0.20]\n",
      "[-0.20  0.20 -0.20 -0.20 -0.20]\n",
      "[-0.20 -0.20  0.20 -0.20 -0.20]\n",
      "[-0.20 -0.20 -0.20  0.20 -0.20]\n",
      "[-0.20 -0.20 -0.20 -0.20  0.20]\n",
      "\n",
      "[0.20 0.20 0.20 0.20 0.20]\n",
      "[0.20 0.20 0.20 0.20 0.20]\n",
      "[0.20 0.20 0.20 0.20 0.20]\n",
      "[0.20 0.20 0.20 0.20 0.20]\n",
      "[0.20 0.20 0.20 0.20 0.20]\n",
      "\n",
      "[ 0.20 -0.20 -0.20 -0.20 -0.20]\n",
      "[-0.20  0.20 -0.20 -0.20 -0.20]\n",
      "[-0.20 -0.20  0.20 -0.20 -0.20]\n",
      "[-0.20 -0.20 -0.20  0.20 -0.20]\n",
      "[-0.20 -0.20 -0.20 -0.20  0.20]\n",
      "\n",
      "[0.20 0.20 0.20 0.20 0.20]\n",
      "[0.20 0.20 0.20 0.20 0.20]\n",
      "[0.20 0.20 0.20 0.20 0.20]\n",
      "[0.20 0.20 0.20 0.20 0.20]\n",
      "[0.20 0.20 0.20 0.20 0.20]\n",
      "\n",
      "\n",
      "Multiple\n",
      "[-0.12 -0.12 -0.12 -0.12 -0.12]\n",
      "[-0.12 -0.12 -0.12 -0.12 -0.12]\n",
      "[-0.12 -0.12 -0.12 -0.12 -0.12]\n",
      "[-0.12 -0.12 -0.12 -0.12 -0.12]\n",
      "[-0.12 -0.12 -0.12 -0.12 -0.12]\n",
      "\n",
      "[0.20 0.20 0.20 0.20 0.20]\n",
      "[0.20 0.20 0.20 0.20 0.20]\n",
      "[0.20 0.20 0.20 0.20 0.20]\n",
      "[0.20 0.20 0.20 0.20 0.20]\n",
      "[0.20 0.20 0.20 0.20 0.20]\n",
      "\n",
      "[-0.12 -0.12 -0.12 -0.12 -0.12]\n",
      "[-0.12 -0.12 -0.12 -0.12 -0.12]\n",
      "[-0.12 -0.12 -0.12 -0.12 -0.12]\n",
      "[-0.12 -0.12 -0.12 -0.12 -0.12]\n",
      "[-0.12 -0.12 -0.12 -0.12 -0.12]\n",
      "\n",
      "[0.20 0.20 0.20 0.20 0.20]\n",
      "[0.20 0.20 0.20 0.20 0.20]\n",
      "[0.20 0.20 0.20 0.20 0.20]\n",
      "[0.20 0.20 0.20 0.20 0.20]\n",
      "[0.20 0.20 0.20 0.20 0.20]\n",
      "\n",
      "\n",
      "Idempotents squared\n",
      "[0.20 0.20 0.20 0.20 0.20]\n",
      "[0.20 0.20 0.20 0.20 0.20]\n",
      "[0.20 0.20 0.20 0.20 0.20]\n",
      "[0.20 0.20 0.20 0.20 0.20]\n",
      "[0.20 0.20 0.20 0.20 0.20]\n",
      "\n",
      "[ 0.20 0.040 0.040 0.040 0.040]\n",
      "[0.040  0.20 0.040 0.040 0.040]\n",
      "[0.040 0.040  0.20 0.040 0.040]\n",
      "[0.040 0.040 0.040  0.20 0.040]\n",
      "[0.040 0.040 0.040 0.040  0.20]\n",
      "\n",
      "[0.20 0.20 0.20 0.20 0.20]\n",
      "[0.20 0.20 0.20 0.20 0.20]\n",
      "[0.20 0.20 0.20 0.20 0.20]\n",
      "[0.20 0.20 0.20 0.20 0.20]\n",
      "[0.20 0.20 0.20 0.20 0.20]\n",
      "\n",
      "[ 0.20 0.040 0.040 0.040 0.040]\n",
      "[0.040  0.20 0.040 0.040 0.040]\n",
      "[0.040 0.040  0.20 0.040 0.040]\n",
      "[0.040 0.040 0.040  0.20 0.040]\n",
      "[0.040 0.040 0.040 0.040  0.20]\n",
      "\n",
      "[0.20 0.20 0.20 0.20 0.20]\n",
      "[0.20 0.20 0.20 0.20 0.20]\n",
      "[0.20 0.20 0.20 0.20 0.20]\n",
      "[0.20 0.20 0.20 0.20 0.20]\n",
      "[0.20 0.20 0.20 0.20 0.20]\n",
      "\n",
      "\n",
      "Sum of the idempotents:\n",
      "[ 1.0 0.20 0.20 0.20 0.20]\n",
      "[0.20  1.0 0.20 0.20 0.20]\n",
      "[0.20 0.20  1.0 0.20 0.20]\n",
      "[0.20 0.20 0.20  1.0 0.20]\n",
      "[0.20 0.20 0.20 0.20  1.0]\n",
      "\n",
      "Roots of: x^5 - 5*x^3 + 5*x\n",
      "[-1.90211303259031, -1.17557050458495, 0.000000000000000, 1.17557050458495, 1.90211303259031]\n",
      "\n",
      "Sum of the idempotents times the roots:\n",
      "[ 2.0e-6  6.7e-7 -1.6e-6 -1.6e-6  6.7e-7]\n",
      "[ 6.7e-7  2.0e-6  6.7e-7 -1.6e-6 -1.6e-6]\n",
      "[-1.6e-6  6.7e-7  2.0e-6  6.7e-7 -1.6e-6]\n",
      "[-1.6e-6 -1.6e-6  6.7e-7  2.0e-6  6.7e-7]\n",
      "[ 6.7e-7 -1.6e-6 -1.6e-6  6.7e-7  2.0e-6]\n",
      "\n"
     ]
    }
   ],
   "source": [
    "c5 = {0:[1], 1:[2], 2:[3], 3:[4], 4:[0]}\n",
    "plot_idempotents(Graph(c5))"
   ]
  },
  {
   "cell_type": "code",
   "execution_count": 325,
   "metadata": {},
   "outputs": [
    {
     "name": "stdout",
     "output_type": "stream",
     "text": [
      "Idempotents relative to characteristic polynomial\n",
      "[ 0.019 -0.036  0.050 -0.059  0.062 -0.059  0.050 -0.036  0.019]\n",
      "[-0.036  0.069 -0.095   0.11  -0.12   0.11 -0.095  0.069 -0.036]\n",
      "[ 0.050 -0.095   0.13  -0.15   0.16  -0.15   0.13 -0.095  0.050]\n",
      "[-0.059   0.11  -0.15   0.18  -0.19   0.18  -0.15   0.11 -0.059]\n",
      "[ 0.062  -0.12   0.16  -0.19   0.20  -0.19   0.16  -0.12  0.062]\n",
      "[-0.059   0.11  -0.15   0.18  -0.19   0.18  -0.15   0.11 -0.059]\n",
      "[ 0.050 -0.095   0.13  -0.15   0.16  -0.15   0.13 -0.095  0.050]\n",
      "[-0.036  0.069 -0.095   0.11  -0.12   0.11 -0.095  0.069 -0.036]\n",
      "[ 0.019 -0.036  0.050 -0.059  0.062 -0.059  0.050 -0.036  0.019]\n",
      "\n",
      "[ 0.069  -0.11   0.11 -0.069   0.00  0.069  -0.11   0.11 -0.069]\n",
      "[ -0.11   0.18  -0.18   0.11   0.00  -0.11   0.18  -0.18   0.11]\n",
      "[  0.11  -0.18   0.18  -0.11   0.00   0.11  -0.18   0.18  -0.11]\n",
      "[-0.069   0.11  -0.11  0.069   0.00 -0.069   0.11  -0.11  0.069]\n",
      "[  0.00   0.00   0.00   0.00   0.00   0.00   0.00   0.00   0.00]\n",
      "[ 0.069  -0.11   0.11 -0.069   0.00  0.069  -0.11   0.11 -0.069]\n",
      "[ -0.11   0.18  -0.18   0.11   0.00  -0.11   0.18  -0.18   0.11]\n",
      "[  0.11  -0.18   0.18  -0.11   0.00   0.11  -0.18   0.18  -0.11]\n",
      "[-0.069   0.11  -0.11  0.069   0.00 -0.069   0.11  -0.11  0.069]\n",
      "\n",
      "[  0.13  -0.15  0.050  0.095  -0.16  0.095  0.050  -0.15   0.13]\n",
      "[ -0.15   0.18 -0.059  -0.11   0.19  -0.11 -0.059   0.18  -0.15]\n",
      "[ 0.050 -0.059  0.019  0.036 -0.062  0.036  0.019 -0.059  0.050]\n",
      "[ 0.095  -0.11  0.036  0.069  -0.12  0.069  0.036  -0.11  0.095]\n",
      "[ -0.16   0.19 -0.062  -0.12   0.20  -0.12 -0.062   0.19  -0.16]\n",
      "[ 0.095  -0.11  0.036  0.069  -0.12  0.069  0.036  -0.11  0.095]\n",
      "[ 0.050 -0.059  0.019  0.036 -0.062  0.036  0.019 -0.059  0.050]\n",
      "[ -0.15   0.18 -0.059  -0.11   0.19  -0.11 -0.059   0.18  -0.15]\n",
      "[  0.13  -0.15  0.050  0.095  -0.16  0.095  0.050  -0.15   0.13]\n",
      "\n",
      "[  0.18  -0.11  -0.11   0.18   0.00  -0.18   0.11   0.11  -0.18]\n",
      "[ -0.11  0.069  0.069  -0.11   0.00   0.11 -0.069 -0.069   0.11]\n",
      "[ -0.11  0.069  0.069  -0.11   0.00   0.11 -0.069 -0.069   0.11]\n",
      "[  0.18  -0.11  -0.11   0.18   0.00  -0.18   0.11   0.11  -0.18]\n",
      "[  0.00   0.00   0.00   0.00   0.00   0.00   0.00   0.00   0.00]\n",
      "[ -0.18   0.11   0.11  -0.18   0.00   0.18  -0.11  -0.11   0.18]\n",
      "[  0.11 -0.069 -0.069   0.11   0.00  -0.11  0.069  0.069  -0.11]\n",
      "[  0.11 -0.069 -0.069   0.11   0.00  -0.11  0.069  0.069  -0.11]\n",
      "[ -0.18   0.11   0.11  -0.18   0.00   0.18  -0.11  -0.11   0.18]\n",
      "\n",
      "[ 0.20  0.00 -0.20  0.00  0.20  0.00 -0.20  0.00  0.20]\n",
      "[ 0.00  0.00  0.00  0.00  0.00  0.00  0.00  0.00  0.00]\n",
      "[-0.20  0.00  0.20  0.00 -0.20  0.00  0.20  0.00 -0.20]\n",
      "[ 0.00  0.00  0.00  0.00  0.00  0.00  0.00  0.00  0.00]\n",
      "[ 0.20  0.00 -0.20  0.00  0.20  0.00 -0.20  0.00  0.20]\n",
      "[ 0.00  0.00  0.00  0.00  0.00  0.00  0.00  0.00  0.00]\n",
      "[-0.20  0.00  0.20  0.00 -0.20  0.00  0.20  0.00 -0.20]\n",
      "[ 0.00  0.00  0.00  0.00  0.00  0.00  0.00  0.00  0.00]\n",
      "[ 0.20  0.00 -0.20  0.00  0.20  0.00 -0.20  0.00  0.20]\n",
      "\n",
      "[  0.18   0.11  -0.11  -0.18   0.00   0.18   0.11  -0.11  -0.18]\n",
      "[  0.11  0.069 -0.069  -0.11   0.00   0.11  0.069 -0.069  -0.11]\n",
      "[ -0.11 -0.069  0.069   0.11   0.00  -0.11 -0.069  0.069   0.11]\n",
      "[ -0.18  -0.11   0.11   0.18   0.00  -0.18  -0.11   0.11   0.18]\n",
      "[  0.00   0.00   0.00   0.00   0.00   0.00   0.00   0.00   0.00]\n",
      "[  0.18   0.11  -0.11  -0.18   0.00   0.18   0.11  -0.11  -0.18]\n",
      "[  0.11  0.069 -0.069  -0.11   0.00   0.11  0.069 -0.069  -0.11]\n",
      "[ -0.11 -0.069  0.069   0.11   0.00  -0.11 -0.069  0.069   0.11]\n",
      "[ -0.18  -0.11   0.11   0.18   0.00  -0.18  -0.11   0.11   0.18]\n",
      "\n",
      "[  0.13   0.15  0.050 -0.095  -0.16 -0.095  0.050   0.15   0.13]\n",
      "[  0.15   0.18  0.059  -0.11  -0.19  -0.11  0.059   0.18   0.15]\n",
      "[ 0.050  0.059  0.019 -0.036 -0.062 -0.036  0.019  0.059  0.050]\n",
      "[-0.095  -0.11 -0.036  0.069   0.12  0.069 -0.036  -0.11 -0.095]\n",
      "[ -0.16  -0.19 -0.062   0.12   0.20   0.12 -0.062  -0.19  -0.16]\n",
      "[-0.095  -0.11 -0.036  0.069   0.12  0.069 -0.036  -0.11 -0.095]\n",
      "[ 0.050  0.059  0.019 -0.036 -0.062 -0.036  0.019  0.059  0.050]\n",
      "[  0.15   0.18  0.059  -0.11  -0.19  -0.11  0.059   0.18   0.15]\n",
      "[  0.13   0.15  0.050 -0.095  -0.16 -0.095  0.050   0.15   0.13]\n",
      "\n",
      "[ 0.069   0.11   0.11  0.069   0.00 -0.069  -0.11  -0.11 -0.069]\n",
      "[  0.11   0.18   0.18   0.11   0.00  -0.11  -0.18  -0.18  -0.11]\n",
      "[  0.11   0.18   0.18   0.11   0.00  -0.11  -0.18  -0.18  -0.11]\n",
      "[ 0.069   0.11   0.11  0.069   0.00 -0.069  -0.11  -0.11 -0.069]\n",
      "[  0.00   0.00   0.00   0.00   0.00   0.00   0.00   0.00   0.00]\n",
      "[-0.069  -0.11  -0.11 -0.069   0.00  0.069   0.11   0.11  0.069]\n",
      "[ -0.11  -0.18  -0.18  -0.11   0.00   0.11   0.18   0.18   0.11]\n",
      "[ -0.11  -0.18  -0.18  -0.11   0.00   0.11   0.18   0.18   0.11]\n",
      "[-0.069  -0.11  -0.11 -0.069   0.00  0.069   0.11   0.11  0.069]\n",
      "\n",
      "[0.019 0.036 0.050 0.059 0.062 0.059 0.050 0.036 0.019]\n",
      "[0.036 0.069 0.095  0.11  0.12  0.11 0.095 0.069 0.036]\n",
      "[0.050 0.095  0.13  0.15  0.16  0.15  0.13 0.095 0.050]\n",
      "[0.059  0.11  0.15  0.18  0.19  0.18  0.15  0.11 0.059]\n",
      "[0.062  0.12  0.16  0.19  0.20  0.19  0.16  0.12 0.062]\n",
      "[0.059  0.11  0.15  0.18  0.19  0.18  0.15  0.11 0.059]\n",
      "[0.050 0.095  0.13  0.15  0.16  0.15  0.13 0.095 0.050]\n",
      "[0.036 0.069 0.095  0.11  0.12  0.11 0.095 0.069 0.036]\n",
      "[0.019 0.036 0.050 0.059 0.062 0.059 0.050 0.036 0.019]\n",
      "\n",
      "\n",
      "Idempotents relative to matching polynomial\n",
      "[ 0.019 -0.036  0.050 -0.059  0.062 -0.059  0.050 -0.036  0.019]\n",
      "[-0.036  0.069 -0.095   0.11  -0.12   0.11 -0.095  0.069 -0.036]\n",
      "[ 0.050 -0.095   0.13  -0.15   0.16  -0.15   0.13 -0.095  0.050]\n",
      "[-0.059   0.11  -0.15   0.18  -0.19   0.18  -0.15   0.11 -0.059]\n",
      "[ 0.062  -0.12   0.16  -0.19   0.20  -0.19   0.16  -0.12  0.062]\n",
      "[-0.059   0.11  -0.15   0.18  -0.19   0.18  -0.15   0.11 -0.059]\n",
      "[ 0.050 -0.095   0.13  -0.15   0.16  -0.15   0.13 -0.095  0.050]\n",
      "[-0.036  0.069 -0.095   0.11  -0.12   0.11 -0.095  0.069 -0.036]\n",
      "[ 0.019 -0.036  0.050 -0.059  0.062 -0.059  0.050 -0.036  0.019]\n",
      "\n",
      "[ 0.069  -0.11   0.11 -0.069   0.00  0.069  -0.11   0.11 -0.069]\n",
      "[ -0.11   0.18  -0.18   0.11   0.00  -0.11   0.18  -0.18   0.11]\n",
      "[  0.11  -0.18   0.18  -0.11   0.00   0.11  -0.18   0.18  -0.11]\n",
      "[-0.069   0.11  -0.11  0.069   0.00 -0.069   0.11  -0.11  0.069]\n",
      "[  0.00   0.00   0.00   0.00   0.00   0.00   0.00   0.00   0.00]\n",
      "[ 0.069  -0.11   0.11 -0.069   0.00  0.069  -0.11   0.11 -0.069]\n",
      "[ -0.11   0.18  -0.18   0.11   0.00  -0.11   0.18  -0.18   0.11]\n",
      "[  0.11  -0.18   0.18  -0.11   0.00   0.11  -0.18   0.18  -0.11]\n",
      "[-0.069   0.11  -0.11  0.069   0.00 -0.069   0.11  -0.11  0.069]\n",
      "\n",
      "[  0.13  -0.15  0.050  0.095  -0.16  0.095  0.050  -0.15   0.13]\n",
      "[ -0.15   0.18 -0.059  -0.11   0.19  -0.11 -0.059   0.18  -0.15]\n",
      "[ 0.050 -0.059  0.019  0.036 -0.062  0.036  0.019 -0.059  0.050]\n",
      "[ 0.095  -0.11  0.036  0.069  -0.12  0.069  0.036  -0.11  0.095]\n",
      "[ -0.16   0.19 -0.062  -0.12   0.20  -0.12 -0.062   0.19  -0.16]\n",
      "[ 0.095  -0.11  0.036  0.069  -0.12  0.069  0.036  -0.11  0.095]\n",
      "[ 0.050 -0.059  0.019  0.036 -0.062  0.036  0.019 -0.059  0.050]\n",
      "[ -0.15   0.18 -0.059  -0.11   0.19  -0.11 -0.059   0.18  -0.15]\n",
      "[  0.13  -0.15  0.050  0.095  -0.16  0.095  0.050  -0.15   0.13]\n",
      "\n",
      "[  0.18  -0.11  -0.11   0.18   0.00  -0.18   0.11   0.11  -0.18]\n",
      "[ -0.11  0.069  0.069  -0.11   0.00   0.11 -0.069 -0.069   0.11]\n",
      "[ -0.11  0.069  0.069  -0.11   0.00   0.11 -0.069 -0.069   0.11]\n",
      "[  0.18  -0.11  -0.11   0.18   0.00  -0.18   0.11   0.11  -0.18]\n",
      "[  0.00   0.00   0.00   0.00   0.00   0.00   0.00   0.00   0.00]\n",
      "[ -0.18   0.11   0.11  -0.18   0.00   0.18  -0.11  -0.11   0.18]\n",
      "[  0.11 -0.069 -0.069   0.11   0.00  -0.11  0.069  0.069  -0.11]\n",
      "[  0.11 -0.069 -0.069   0.11   0.00  -0.11  0.069  0.069  -0.11]\n",
      "[ -0.18   0.11   0.11  -0.18   0.00   0.18  -0.11  -0.11   0.18]\n",
      "\n",
      "[ 0.20  0.00 -0.20  0.00  0.20  0.00 -0.20  0.00  0.20]\n",
      "[ 0.00  0.00  0.00  0.00  0.00  0.00  0.00  0.00  0.00]\n",
      "[-0.20  0.00  0.20  0.00 -0.20  0.00  0.20  0.00 -0.20]\n",
      "[ 0.00  0.00  0.00  0.00  0.00  0.00  0.00  0.00  0.00]\n",
      "[ 0.20  0.00 -0.20  0.00  0.20  0.00 -0.20  0.00  0.20]\n",
      "[ 0.00  0.00  0.00  0.00  0.00  0.00  0.00  0.00  0.00]\n",
      "[-0.20  0.00  0.20  0.00 -0.20  0.00  0.20  0.00 -0.20]\n",
      "[ 0.00  0.00  0.00  0.00  0.00  0.00  0.00  0.00  0.00]\n",
      "[ 0.20  0.00 -0.20  0.00  0.20  0.00 -0.20  0.00  0.20]\n",
      "\n",
      "[  0.18   0.11  -0.11  -0.18   0.00   0.18   0.11  -0.11  -0.18]\n",
      "[  0.11  0.069 -0.069  -0.11   0.00   0.11  0.069 -0.069  -0.11]\n",
      "[ -0.11 -0.069  0.069   0.11   0.00  -0.11 -0.069  0.069   0.11]\n",
      "[ -0.18  -0.11   0.11   0.18   0.00  -0.18  -0.11   0.11   0.18]\n",
      "[  0.00   0.00   0.00   0.00   0.00   0.00   0.00   0.00   0.00]\n",
      "[  0.18   0.11  -0.11  -0.18   0.00   0.18   0.11  -0.11  -0.18]\n",
      "[  0.11  0.069 -0.069  -0.11   0.00   0.11  0.069 -0.069  -0.11]\n",
      "[ -0.11 -0.069  0.069   0.11   0.00  -0.11 -0.069  0.069   0.11]\n",
      "[ -0.18  -0.11   0.11   0.18   0.00  -0.18  -0.11   0.11   0.18]\n",
      "\n",
      "[  0.13   0.15  0.050 -0.095  -0.16 -0.095  0.050   0.15   0.13]\n",
      "[  0.15   0.18  0.059  -0.11  -0.19  -0.11  0.059   0.18   0.15]\n",
      "[ 0.050  0.059  0.019 -0.036 -0.062 -0.036  0.019  0.059  0.050]\n",
      "[-0.095  -0.11 -0.036  0.069   0.12  0.069 -0.036  -0.11 -0.095]\n",
      "[ -0.16  -0.19 -0.062   0.12   0.20   0.12 -0.062  -0.19  -0.16]\n",
      "[-0.095  -0.11 -0.036  0.069   0.12  0.069 -0.036  -0.11 -0.095]\n",
      "[ 0.050  0.059  0.019 -0.036 -0.062 -0.036  0.019  0.059  0.050]\n",
      "[  0.15   0.18  0.059  -0.11  -0.19  -0.11  0.059   0.18   0.15]\n",
      "[  0.13   0.15  0.050 -0.095  -0.16 -0.095  0.050   0.15   0.13]\n",
      "\n",
      "[ 0.069   0.11   0.11  0.069   0.00 -0.069  -0.11  -0.11 -0.069]\n",
      "[  0.11   0.18   0.18   0.11   0.00  -0.11  -0.18  -0.18  -0.11]\n",
      "[  0.11   0.18   0.18   0.11   0.00  -0.11  -0.18  -0.18  -0.11]\n",
      "[ 0.069   0.11   0.11  0.069   0.00 -0.069  -0.11  -0.11 -0.069]\n",
      "[  0.00   0.00   0.00   0.00   0.00   0.00   0.00   0.00   0.00]\n",
      "[-0.069  -0.11  -0.11 -0.069   0.00  0.069   0.11   0.11  0.069]\n",
      "[ -0.11  -0.18  -0.18  -0.11   0.00   0.11   0.18   0.18   0.11]\n",
      "[ -0.11  -0.18  -0.18  -0.11   0.00   0.11   0.18   0.18   0.11]\n",
      "[-0.069  -0.11  -0.11 -0.069   0.00  0.069   0.11   0.11  0.069]\n",
      "\n",
      "[0.019 0.036 0.050 0.059 0.062 0.059 0.050 0.036 0.019]\n",
      "[0.036 0.069 0.095  0.11  0.12  0.11 0.095 0.069 0.036]\n",
      "[0.050 0.095  0.13  0.15  0.16  0.15  0.13 0.095 0.050]\n",
      "[0.059  0.11  0.15  0.18  0.19  0.18  0.15  0.11 0.059]\n",
      "[0.062  0.12  0.16  0.19  0.20  0.19  0.16  0.12 0.062]\n",
      "[0.059  0.11  0.15  0.18  0.19  0.18  0.15  0.11 0.059]\n",
      "[0.050 0.095  0.13  0.15  0.16  0.15  0.13 0.095 0.050]\n",
      "[0.036 0.069 0.095  0.11  0.12  0.11 0.095 0.069 0.036]\n",
      "[0.019 0.036 0.050 0.059 0.062 0.059 0.050 0.036 0.019]\n",
      "\n",
      "\n",
      "Idempotents squared\n",
      "[ 0.019 -0.036  0.050 -0.059  0.062 -0.059  0.050 -0.036  0.019]\n",
      "[-0.036  0.069 -0.095   0.11  -0.12   0.11 -0.095  0.069 -0.036]\n",
      "[ 0.050 -0.095   0.13  -0.15   0.16  -0.15   0.13 -0.095  0.050]\n",
      "[-0.059   0.11  -0.15   0.18  -0.19   0.18  -0.15   0.11 -0.059]\n",
      "[ 0.062  -0.12   0.16  -0.19   0.20  -0.19   0.16  -0.12  0.062]\n",
      "[-0.059   0.11  -0.15   0.18  -0.19   0.18  -0.15   0.11 -0.059]\n",
      "[ 0.050 -0.095   0.13  -0.15   0.16  -0.15   0.13 -0.095  0.050]\n",
      "[-0.036  0.069 -0.095   0.11  -0.12   0.11 -0.095  0.069 -0.036]\n",
      "[ 0.019 -0.036  0.050 -0.059  0.062 -0.059  0.050 -0.036  0.019]\n",
      "\n",
      "[ 0.069  -0.11   0.11 -0.069   0.00  0.069  -0.11   0.11 -0.069]\n",
      "[ -0.11   0.18  -0.18   0.11   0.00  -0.11   0.18  -0.18   0.11]\n",
      "[  0.11  -0.18   0.18  -0.11   0.00   0.11  -0.18   0.18  -0.11]\n",
      "[-0.069   0.11  -0.11  0.069   0.00 -0.069   0.11  -0.11  0.069]\n",
      "[  0.00   0.00   0.00   0.00   0.00   0.00   0.00   0.00   0.00]\n",
      "[ 0.069  -0.11   0.11 -0.069   0.00  0.069  -0.11   0.11 -0.069]\n",
      "[ -0.11   0.18  -0.18   0.11   0.00  -0.11   0.18  -0.18   0.11]\n",
      "[  0.11  -0.18   0.18  -0.11   0.00   0.11  -0.18   0.18  -0.11]\n",
      "[-0.069   0.11  -0.11  0.069   0.00 -0.069   0.11  -0.11  0.069]\n",
      "\n",
      "[  0.13  -0.15  0.050  0.095  -0.16  0.095  0.050  -0.15   0.13]\n",
      "[ -0.15   0.18 -0.059  -0.11   0.19  -0.11 -0.059   0.18  -0.15]\n",
      "[ 0.050 -0.059  0.019  0.036 -0.062  0.036  0.019 -0.059  0.050]\n",
      "[ 0.095  -0.11  0.036  0.069  -0.12  0.069  0.036  -0.11  0.095]\n",
      "[ -0.16   0.19 -0.062  -0.12   0.20  -0.12 -0.062   0.19  -0.16]\n",
      "[ 0.095  -0.11  0.036  0.069  -0.12  0.069  0.036  -0.11  0.095]\n",
      "[ 0.050 -0.059  0.019  0.036 -0.062  0.036  0.019 -0.059  0.050]\n",
      "[ -0.15   0.18 -0.059  -0.11   0.19  -0.11 -0.059   0.18  -0.15]\n",
      "[  0.13  -0.15  0.050  0.095  -0.16  0.095  0.050  -0.15   0.13]\n",
      "\n",
      "[  0.18  -0.11  -0.11   0.18   0.00  -0.18   0.11   0.11  -0.18]\n",
      "[ -0.11  0.069  0.069  -0.11   0.00   0.11 -0.069 -0.069   0.11]\n",
      "[ -0.11  0.069  0.069  -0.11   0.00   0.11 -0.069 -0.069   0.11]\n",
      "[  0.18  -0.11  -0.11   0.18   0.00  -0.18   0.11   0.11  -0.18]\n",
      "[  0.00   0.00   0.00   0.00   0.00   0.00   0.00   0.00   0.00]\n",
      "[ -0.18   0.11   0.11  -0.18   0.00   0.18  -0.11  -0.11   0.18]\n",
      "[  0.11 -0.069 -0.069   0.11   0.00  -0.11  0.069  0.069  -0.11]\n",
